20
3
61095 45690 29863
28075 37438 78762
52349 71490 46648
4
91397 51269 54247
39867 22328 37975
8934 71429 20674
24217 25322 40093
7
28508 34822 40734
53478 58721 57830
30193 11415 703
312 49984 52697
47750 27950 16405
38433 36498 20921
68652 61849 4890
13
15535 70568 37859
64565 71505 21098
16295 83102 22514
43712 34993 26952
12419 45763 5146
12779 90497 31621
7045 69482 10716
67339 8598 45144
23424 68160 15297
19633 49987 37007
67245 76016 81112
32082 48882 33849
89413 91665 27046
20
96832 94296 82971
22923 87613 82415
53820 54925 7371
27617 49489 39913
38951 65612 60155
65411 95636 79055
20320 30504 22386
56353 44896 71
45705 4557 3001
45910 62771 44506
45073 27885 10429
66293 48925 18275
4710 73226 373
22377 91492 92401
74056 98547 98874
79962 30080 30763
31996 99271 92117
56875 816 99985
22539 5604 21547
76300 60302 45504
17
32384 37093 98926
13820 33165 37477
24159 55248 68609
18559 18870 56643
9581 54891 47942
7786 83462 24159
48848 34578 47576
99359 17717 53371
88629 62991 29155
23991 26238 8989
93002 91962 48681
47960 1124 60641
59005 81366 67361
83877 59603 60262
13771 19749 53414
94266 6294 36132
89807 26308 92932
3
33373 38854 47628
1264 83639 7191
72900 71520 23924
13
64407 88659 27403
645 90564 7658
98517 41451 90286
88373 77877 55480
42058 852 88757
22572 7411 7463
53319 98556 1902
62331 56686 35527
96826 18837 86996
74212 4631 85742
29549 73986 51345
22548 43190 96249
88946 14753 97046
2
50963 19636 95718
12349 4347 23125
15
98337 730 98471
68945 81067 80282
7280 8165 42430
31151 33556 41298
61245 57781 91388
93909 7335 61068
96875 11296 13987
83603 44948 90545
94302 23058 81704
26039 17122 66869
12858 46584 8201
51323 38961 72253
92126 98206 58001
69085 40740 32082
26009 29775 43602
7
16310 58437 66155
16450 68011 87607
11219 27486 64373
5607 49419 95846
31725 22386 34178
61483 99472 51928
66937 39873 11866
8
28148 91446 32192
11345 39757 96707
29915 76281 74731
90137 91498 55190
79281 55993 45452
68627 23415 39177
42290 59444 45443
74237 79977 78918
2
85681 15504 14509
17436 62691 53249
18
63665 61388 50686
97470 76913 37746
32115 45290 86200
64312 51052 6846
3663 33821 91824
91498 64172 2876
51092 59890 83862
78762 89865 30431
53286 2568 96634
52321 30727 31719
52297 73370 51342
75054 37422 80606
17750 83548 72573
41909 87695 49843
32204 26717 24394
19688 22868 33971
25212 68420 66290
5409 94290 45580
16
52334 74722 40880
81649 73980 5946
74520 51311 95627
21959 65081 19487
4527 55953 78076
44381 11857 67040
8274 75311 18727
54674 98972 7463
14436 76388 51253
66518 85089 34468
26469 13780 60671
47210 94980 12468
78732 70373 34282
45736 92801 84436
29741 27074 3639
13319 80932 93753
9
90176 66787 23854
77435 35842 72668
67605 91897 65673
32460 33541 78640
90259 88846 20241
12105 25755 24849
34139 56441 79397
69817 84124 44207
25801 32921 93509
2
39781 67330 20027
57799 1164 18168
6
88022 37352 57403
78411 65994 19160
58742 52251 56396
75653 15730 73205
3926 43492 56100
94830 87604 16536
12
68160 69802 11219
4139 55242 18144
13383 28117 75680
28371 22206 20848
26805 26289 56786
85431 68133 76977
41079 42434 10655
79324 32759 5787
1689 74053 11668
79971 45830 43337
93445 81594 52657
30147 83975 38539
1
96887 26033 11818
20
3
61095 45690 29863
28075 37438 78762
52349 71490 46648
4
91397 51269 54247
39867 22328 37975
8934 71429 20674
24217 25322 40093
7
28508 34822 40734
53478 58721 57830
30193 11415 703
312 49984 52697
47750 27950 16405
38433 36498 20921
68652 61849 4890
13
15535 70568 37859
64565 71505 21098
16295 83102 22514
43712 34993 26952
12419 45763 5146
12779 90497 31621
7045 69482 10716
67339 8598 45144
23424 68160 15297
19633 49987 37007
67245 76016 81112
32082 48882 33849
89413 91665 27046
20
96832 94296 82971
22923 87613 82415
53820 54925 7371
27617 49489 39913
38951 65612 60155
65411 95636 79055
20320 30504 22386
56353 44896 71
45705 4557 3001
45910 62771 44506
45073 27885 10429
66293 48925 18275
4710 73226 373
22377 91492 92401
74056 98547 98874
79962 30080 30763
31996 99271 92117
56875 816 99985
22539 5604 21547
76300 60302 45504
17
32384 37093 98926
13820 33165 37477
24159 55248 68609
18559 18870 56643
9581 54891 47942
7786 83462 24159
48848 34578 47576
99359 17717 53371
88629 62991 29155
23991 26238 8989
93002 91962 48681
47960 1124 60641
59005 81366 67361
83877 59603 60262
13771 19749 53414
94266 6294 36132
89807 26308 92932
3
33373 38854 47628
1264 83639 7191
72900 71520 23924
13
64407 88659 27403
645 90564 7658
98517 41451 90286
88373 77877 55480
42058 852 88757
22572 7411 7463
53319 98556 1902
62331 56686 35527
96826 18837 86996
74212 4631 85742
29549 73986 51345
22548 43190 96249
88946 14753 97046
2
50963 19636 95718
12349 4347 23125
15
98337 730 98471
68945 81067 80282
7280 8165 42430
31151 33556 41298
61245 57781 91388
93909 7335 61068
96875 11296 13987
83603 44948 90545
94302 23058 81704
26039 17122 66869
12858 46584 8201
51323 38961 72253
92126 98206 58001
69085 40740 32082
26009 29775 43602
7
16310 58437 66155
16450 68011 87607
11219 27486 64373
5607 49419 95846
31725 22386 34178
61483 99472 51928
66937 39873 11866
8
28148 91446 32192
11345 39757 96707
29915 76281 74731
90137 91498 55190
79281 55993 45452
68627 23415 39177
42290 59444 45443
74237 79977 78918
2
85681 15504 14509
17436 62691 53249
18
63665 61388 50686
97470 76913 37746
32115 45290 86200
64312 51052 6846
3663 33821 91824
91498 64172 2876
51092 59890 83862
78762 89865 30431
53286 2568 96634
52321 30727 31719
52297 73370 51342
75054 37422 80606
17750 83548 72573
41909 87695 49843
32204 26717 24394
19688 22868 33971
25212 68420 66290
5409 94290 45580
16
52334 74722 40880
81649 73980 5946
74520 51311 95627
21959 65081 19487
4527 55953 78076
44381 11857 67040
8274 75311 18727
54674 98972 7463
14436 76388 51253
66518 85089 34468
26469 13780 60671
47210 94980 12468
78732 70373 34282
45736 92801 84436
29741 27074 3639
13319 80932 93753
9
90176 66787 23854
77435 35842 72668
67605 91897 65673
32460 33541 78640
90259 88846 20241
12105 25755 24849
34139 56441 79397
69817 84124 44207
25801 32921 93509
2
39781 67330 20027
57799 1164 18168
6
88022 37352 57403
78411 65994 19160
58742 52251 56396
75653 15730 73205
3926 43492 56100
94830 87604 16536
12
68160 69802 11219
4139 55242 18144
13383 28117 75680
28371 22206 20848
26805 26289 56786
85431 68133 76977
41079 42434 10655
79324 32759 5787
1689 74053 11668
79971 45830 43337
93445 81594 52657
30147 83975 38539
1
96887 26033 11818
20
3
61095 45690 29863
28075 37438 78762
52349 71490 46648
4
91397 51269 54247
39867 22328 37975
8934 71429 20674
24217 25322 40093
7
28508 34822 40734
53478 58721 57830
30193 11415 703
312 49984 52697
47750 27950 16405
38433 36498 20921
68652 61849 4890
13
15535 70568 37859
64565 71505 21098
16295 83102 22514
43712 34993 26952
12419 45763 5146
12779 90497 31621
7045 69482 10716
67339 8598 45144
23424 68160 15297
19633 49987 37007
67245 76016 81112
32082 48882 33849
89413 91665 27046
20
96832 94296 82971
22923 87613 82415
53820 54925 7371
27617 49489 39913
38951 65612 60155
65411 95636 79055
20320 30504 22386
56353 44896 71
45705 4557 3001
45910 62771 44506
45073 27885 10429
66293 48925 18275
4710 73226 373
22377 91492 92401
74056 98547 98874
79962 30080 30763
31996 99271 92117
56875 816 99985
22539 5604 21547
76300 60302 45504
17
32384 37093 98926
13820 33165 37477
24159 55248 68609
18559 18870 56643
9581 54891 47942
7786 83462 24159
48848 34578 47576
99359 17717 53371
88629 62991 29155
23991 26238 8989
93002 91962 48681
47960 1124 60641
59005 81366 67361
83877 59603 60262
13771 19749 53414
94266 6294 36132
89807 26308 92932
3
33373 38854 47628
1264 83639 7191
72900 71520 23924
13
64407 88659 27403
645 90564 7658
98517 41451 90286
88373 77877 55480
42058 852 88757
22572 7411 7463
53319 98556 1902
62331 56686 35527
96826 18837 86996
74212 4631 85742
29549 73986 51345
22548 43190 96249
88946 14753 97046
2
50963 19636 95718
12349 4347 23125
15
98337 730 98471
68945 81067 80282
7280 8165 42430
31151 33556 41298
61245 57781 91388
93909 7335 61068
96875 11296 13987
83603 44948 90545
94302 23058 81704
26039 17122 66869
12858 46584 8201
51323 38961 72253
92126 98206 58001
69085 40740 32082
26009 29775 43602
7
16310 58437 66155
16450 68011 87607
11219 27486 64373
5607 49419 95846
31725 22386 34178
61483 99472 51928
66937 39873 11866
8
28148 91446 32192
11345 39757 96707
29915 76281 74731
90137 91498 55190
79281 55993 45452
68627 23415 39177
42290 59444 45443
74237 79977 78918
2
85681 15504 14509
17436 62691 53249
18
63665 61388 50686
97470 76913 37746
32115 45290 86200
64312 51052 6846
3663 33821 91824
91498 64172 2876
51092 59890 83862
78762 89865 30431
53286 2568 96634
52321 30727 31719
52297 73370 51342
75054 37422 80606
17750 83548 72573
41909 87695 49843
32204 26717 24394
19688 22868 33971
25212 68420 66290
5409 94290 45580
16
52334 74722 40880
81649 73980 5946
74520 51311 95627
21959 65081 19487
4527 55953 78076
44381 11857 67040
8274 75311 18727
54674 98972 7463
14436 76388 51253
66518 85089 34468
26469 13780 60671
47210 94980 12468
78732 70373 34282
45736 92801 84436
29741 27074 3639
13319 80932 93753
9
90176 66787 23854
77435 35842 72668
67605 91897 65673
32460 33541 78640
90259 88846 20241
12105 25755 24849
34139 56441 79397
69817 84124 44207
25801 32921 93509
2
39781 67330 20027
57799 1164 18168
6
88022 37352 57403
78411 65994 19160
58742 52251 56396
75653 15730 73205
3926 43492 56100
94830 87604 16536
12
68160 69802 11219
4139 55242 18144
13383 28117 75680
28371 22206 20848
26805 26289 56786
85431 68133 76977
41079 42434 10655
79324 32759 5787
1689 74053 11668
79971 45830 43337
93445 81594 52657
30147 83975 38539
1
96887 26033 11818
20
3
61095 45690 29863
28075 37438 78762
52349 71490 46648
4
91397 51269 54247
39867 22328 37975
8934 71429 20674
24217 25322 40093
7
28508 34822 40734
53478 58721 57830
30193 11415 703
312 49984 52697
47750 27950 16405
38433 36498 20921
68652 61849 4890
13
15535 70568 37859
64565 71505 21098
16295 83102 22514
43712 34993 26952
12419 45763 5146
12779 90497 31621
7045 69482 10716
67339 8598 45144
23424 68160 15297
19633 49987 37007
67245 76016 81112
32082 48882 33849
89413 91665 27046
20
96832 94296 82971
22923 87613 82415
53820 54925 7371
27617 49489 39913
38951 65612 60155
65411 95636 79055
20320 30504 22386
56353 44896 71
45705 4557 3001
45910 62771 44506
45073 27885 10429
66293 48925 18275
4710 73226 373
22377 91492 92401
74056 98547 98874
79962 30080 30763
31996 99271 92117
56875 816 99985
22539 5604 21547
76300 60302 45504
17
32384 37093 98926
13820 33165 37477
24159 55248 68609
18559 18870 56643
9581 54891 47942
7786 83462 24159
48848 34578 47576
99359 17717 53371
88629 62991 29155
23991 26238 8989
93002 91962 48681
47960 1124 60641
59005 81366 67361
83877 59603 60262
13771 19749 53414
94266 6294 36132
89807 26308 92932
3
33373 38854 47628
1264 83639 7191
72900 71520 23924
13
64407 88659 27403
645 90564 7658
98517 41451 90286
88373 77877 55480
42058 852 88757
22572 7411 7463
53319 98556 1902
62331 56686 35527
96826 18837 86996
74212 4631 85742
29549 73986 51345
22548 43190 96249
88946 14753 97046
2
50963 19636 95718
12349 4347 23125
15
98337 730 98471
68945 81067 80282
7280 8165 42430
31151 33556 41298
61245 57781 91388
93909 7335 61068
96875 11296 13987
83603 44948 90545
94302 23058 81704
26039 17122 66869
12858 46584 8201
51323 38961 72253
92126 98206 58001
69085 40740 32082
26009 29775 43602
7
16310 58437 66155
16450 68011 87607
11219 27486 64373
5607 49419 95846
31725 22386 34178
61483 99472 51928
66937 39873 11866
8
28148 91446 32192
11345 39757 96707
29915 76281 74731
90137 91498 55190
79281 55993 45452
68627 23415 39177
42290 59444 45443
74237 79977 78918
2
85681 15504 14509
17436 62691 53249
18
63665 61388 50686
97470 76913 37746
32115 45290 86200
64312 51052 6846
3663 33821 91824
91498 64172 2876
51092 59890 83862
78762 89865 30431
53286 2568 96634
52321 30727 31719
52297 73370 51342
75054 37422 80606
17750 83548 72573
41909 87695 49843
32204 26717 24394
19688 22868 33971
25212 68420 66290
5409 94290 45580
16
52334 74722 40880
81649 73980 5946
74520 51311 95627
21959 65081 19487
4527 55953 78076
44381 11857 67040
8274 75311 18727
54674 98972 7463
14436 76388 51253
66518 85089 34468
26469 13780 60671
47210 94980 12468
78732 70373 34282
45736 92801 84436
29741 27074 3639
13319 80932 93753
9
90176 66787 23854
77435 35842 72668
67605 91897 65673
32460 33541 78640
90259 88846 20241
12105 25755 24849
34139 56441 79397
69817 84124 44207
25801 32921 93509
2
39781 67330 20027
57799 1164 18168
6
88022 37352 57403
78411 65994 19160
58742 52251 56396
75653 15730 73205
3926 43492 56100
94830 87604 16536
12
68160 69802 11219
4139 55242 18144
13383 28117 75680
28371 22206 20848
26805 26289 56786
85431 68133 76977
41079 42434 10655
79324 32759 5787
1689 74053 11668
79971 45830 43337
93445 81594 52657
30147 83975 38539
1
96887 26033 11818
20
3
61095 45690 29863
28075 37438 78762
52349 71490 46648
4
91397 51269 54247
39867 22328 37975
8934 71429 20674
24217 25322 40093
7
28508 34822 40734
53478 58721 57830
30193 11415 703
312 49984 52697
47750 27950 16405
38433 36498 20921
68652 61849 4890
13
15535 70568 37859
64565 71505 21098
16295 83102 22514
43712 34993 26952
12419 45763 5146
12779 90497 31621
7045 69482 10716
67339 8598 45144
23424 68160 15297
19633 49987 37007
67245 76016 81112
32082 48882 33849
89413 91665 27046
20
96832 94296 82971
22923 87613 82415
53820 54925 7371
27617 49489 39913
38951 65612 60155
65411 95636 79055
20320 30504 22386
56353 44896 71
45705 4557 3001
45910 62771 44506
45073 27885 10429
66293 48925 18275
4710 73226 373
22377 91492 92401
74056 98547 98874
79962 30080 30763
31996 99271 92117
56875 816 99985
22539 5604 21547
76300 60302 45504
17
32384 37093 98926
13820 33165 37477
24159 55248 68609
18559 18870 56643
9581 54891 47942
7786 83462 24159
48848 34578 47576
99359 17717 53371
88629 62991 29155
23991 26238 8989
93002 91962 48681
47960 1124 60641
59005 81366 67361
83877 59603 60262
13771 19749 53414
94266 6294 36132
89807 26308 92932
3
33373 38854 47628
1264 83639 7191
72900 71520 23924
13
64407 88659 27403
645 90564 7658
98517 41451 90286
88373 77877 55480
42058 852 88757
22572 7411 7463
53319 98556 1902
62331 56686 35527
96826 18837 86996
74212 4631 85742
29549 73986 51345
22548 43190 96249
88946 14753 97046
2
50963 19636 95718
12349 4347 23125
15
98337 730 98471
68945 81067 80282
7280 8165 42430
31151 33556 41298
61245 57781 91388
93909 7335 61068
96875 11296 13987
83603 44948 90545
94302 23058 81704
26039 17122 66869
12858 46584 8201
51323 38961 72253
92126 98206 58001
69085 40740 32082
26009 29775 43602
7
16310 58437 66155
16450 68011 87607
11219 27486 64373
5607 49419 95846
31725 22386 34178
61483 99472 51928
66937 39873 11866
8
28148 91446 32192
11345 39757 96707
29915 76281 74731
90137 91498 55190
79281 55993 45452
68627 23415 39177
42290 59444 45443
74237 79977 78918
2
85681 15504 14509
17436 62691 53249
18
63665 61388 50686
97470 76913 37746
32115 45290 86200
64312 51052 6846
3663 33821 91824
91498 64172 2876
51092 59890 83862
78762 89865 30431
53286 2568 96634
52321 30727 31719
52297 73370 51342
75054 37422 80606
17750 83548 72573
41909 87695 49843
32204 26717 24394
19688 22868 33971
25212 68420 66290
5409 94290 45580
16
52334 74722 40880
81649 73980 5946
74520 51311 95627
21959 65081 19487
4527 55953 78076
44381 11857 67040
8274 75311 18727
54674 98972 7463
14436 76388 51253
66518 85089 34468
26469 13780 60671
47210 94980 12468
78732 70373 34282
45736 92801 84436
29741 27074 3639
13319 80932 93753
9
90176 66787 23854
77435 35842 72668
67605 91897 65673
32460 33541 78640
90259 88846 20241
12105 25755 24849
34139 56441 79397
69817 84124 44207
25801 32921 93509
2
39781 67330 20027
57799 1164 18168
6
88022 37352 57403
78411 65994 19160
58742 52251 56396
75653 15730 73205
3926 43492 56100
94830 87604 16536
12
68160 69802 11219
4139 55242 18144
13383 28117 75680
28371 22206 20848
26805 26289 56786
85431 68133 76977
41079 42434 10655
79324 32759 5787
1689 74053 11668
79971 45830 43337
93445 81594 52657
30147 83975 38539
1
96887 26033 11818
20
3
61095 45690 29863
28075 37438 78762
52349 71490 46648
4
91397 51269 54247
39867 22328 37975
8934 71429 20674
24217 25322 40093
7
28508 34822 40734
53478 58721 57830
30193 11415 703
312 49984 52697
47750 27950 16405
38433 36498 20921
68652 61849 4890
13
15535 70568 37859
64565 71505 21098
16295 83102 22514
43712 34993 26952
12419 45763 5146
12779 90497 31621
7045 69482 10716
67339 8598 45144
23424 68160 15297
19633 49987 37007
67245 76016 81112
32082 48882 33849
89413 91665 27046
20
96832 94296 82971
22923 87613 82415
53820 54925 7371
27617 49489 39913
38951 65612 60155
65411 95636 79055
20320 30504 22386
56353 44896 71
45705 4557 3001
45910 62771 44506
45073 27885 10429
66293 48925 18275
4710 73226 373
22377 91492 92401
74056 98547 98874
79962 30080 30763
31996 99271 92117
56875 816 99985
22539 5604 21547
76300 60302 45504
17
32384 37093 98926
13820 33165 37477
24159 55248 68609
18559 18870 56643
9581 54891 47942
7786 83462 24159
48848 34578 47576
99359 17717 53371
88629 62991 29155
23991 26238 8989
93002 91962 48681
47960 1124 60641
59005 81366 67361
83877 59603 60262
13771 19749 53414
94266 6294 36132
89807 26308 92932
3
33373 38854 47628
1264 83639 7191
72900 71520 23924
13
64407 88659 27403
645 90564 7658
98517 41451 90286
88373 77877 55480
42058 852 88757
22572 7411 7463
53319 98556 1902
62331 56686 35527
96826 18837 86996
74212 4631 85742
29549 73986 51345
22548 43190 96249
88946 14753 97046
2
50963 19636 95718
12349 4347 23125
15
98337 730 98471
68945 81067 80282
7280 8165 42430
31151 33556 41298
61245 57781 91388
93909 7335 61068
96875 11296 13987
83603 44948 90545
94302 23058 81704
26039 17122 66869
12858 46584 8201
51323 38961 72253
92126 98206 58001
69085 40740 32082
26009 29775 43602
7
16310 58437 66155
16450 68011 87607
11219 27486 64373
5607 49419 95846
31725 22386 34178
61483 99472 51928
66937 39873 11866
8
28148 91446 32192
11345 39757 96707
29915 76281 74731
90137 91498 55190
79281 55993 45452
68627 23415 39177
42290 59444 45443
74237 79977 78918
2
85681 15504 14509
17436 62691 53249
18
63665 61388 50686
97470 76913 37746
32115 45290 86200
64312 51052 6846
3663 33821 91824
91498 64172 2876
51092 59890 83862
78762 89865 30431
53286 2568 96634
52321 30727 31719
52297 73370 51342
75054 37422 80606
17750 83548 72573
41909 87695 49843
32204 26717 24394
19688 22868 33971
25212 68420 66290
5409 94290 45580
16
52334 74722 40880
81649 73980 5946
74520 51311 95627
21959 65081 19487
4527 55953 78076
44381 11857 67040
8274 75311 18727
54674 98972 7463
14436 76388 51253
66518 85089 34468
26469 13780 60671
47210 94980 12468
78732 70373 34282
45736 92801 84436
29741 27074 3639
13319 80932 93753
9
90176 66787 23854
77435 35842 72668
67605 91897 65673
32460 33541 78640
90259 88846 20241
12105 25755 24849
34139 56441 79397
69817 84124 44207
25801 32921 93509
2
39781 67330 20027
57799 1164 18168
6
88022 37352 57403
78411 65994 19160
58742 52251 56396
75653 15730 73205
3926 43492 56100
94830 87604 16536
12
68160 69802 11219
4139 55242 18144
13383 28117 75680
28371 22206 20848
26805 26289 56786
85431 68133 76977
41079 42434 10655
79324 32759 5787
1689 74053 11668
79971 45830 43337
93445 81594 52657
30147 83975 38539
1
96887 26033 11818
20
3
61095 45690 29863
28075 37438 78762
52349 71490 46648
4
91397 51269 54247
39867 22328 37975
8934 71429 20674
24217 25322 40093
7
28508 34822 40734
53478 58721 57830
30193 11415 703
312 49984 52697
47750 27950 16405
38433 36498 20921
68652 61849 4890
13
15535 70568 37859
64565 71505 21098
16295 83102 22514
43712 34993 26952
12419 45763 5146
12779 90497 31621
7045 69482 10716
67339 8598 45144
23424 68160 15297
19633 49987 37007
67245 76016 81112
32082 48882 33849
89413 91665 27046
20
96832 94296 82971
22923 87613 82415
53820 54925 7371
27617 49489 39913
38951 65612 60155
65411 95636 79055
20320 30504 22386
56353 44896 71
45705 4557 3001
45910 62771 44506
45073 27885 10429
66293 48925 18275
4710 73226 373
22377 91492 92401
74056 98547 98874
79962 30080 30763
31996 99271 92117
56875 816 99985
22539 5604 21547
76300 60302 45504
17
32384 37093 98926
13820 33165 37477
24159 55248 68609
18559 18870 56643
9581 54891 47942
7786 83462 24159
48848 34578 47576
99359 17717 53371
88629 62991 29155
23991 26238 8989
93002 91962 48681
47960 1124 60641
59005 81366 67361
83877 59603 60262
13771 19749 53414
94266 6294 36132
89807 26308 92932
3
33373 38854 47628
1264 83639 7191
72900 71520 23924
13
64407 88659 27403
645 90564 7658
98517 41451 90286
88373 77877 55480
42058 852 88757
22572 7411 7463
53319 98556 1902
62331 56686 35527
96826 18837 86996
74212 4631 85742
29549 73986 51345
22548 43190 96249
88946 14753 97046
2
50963 19636 95718
12349 4347 23125
15
98337 730 98471
68945 81067 80282
7280 8165 42430
31151 33556 41298
61245 57781 91388
93909 7335 61068
96875 11296 13987
83603 44948 90545
94302 23058 81704
26039 17122 66869
12858 46584 8201
51323 38961 72253
92126 98206 58001
69085 40740 32082
26009 29775 43602
7
16310 58437 66155
16450 68011 87607
11219 27486 64373
5607 49419 95846
31725 22386 34178
61483 99472 51928
66937 39873 11866
8
28148 91446 32192
11345 39757 96707
29915 76281 74731
90137 91498 55190
79281 55993 45452
68627 23415 39177
42290 59444 45443
74237 79977 78918
2
85681 15504 14509
17436 62691 53249
18
63665 61388 50686
97470 76913 37746
32115 45290 86200
64312 51052 6846
3663 33821 91824
91498 64172 2876
51092 59890 83862
78762 89865 30431
53286 2568 96634
52321 30727 31719
52297 73370 51342
75054 37422 80606
17750 83548 72573
41909 87695 49843
32204 26717 24394
19688 22868 33971
25212 68420 66290
5409 94290 45580
16
52334 74722 40880
81649 73980 5946
74520 51311 95627
21959 65081 19487
4527 55953 78076
44381 11857 67040
8274 75311 18727
54674 98972 7463
14436 76388 51253
66518 85089 34468
26469 13780 60671
47210 94980 12468
78732 70373 34282
45736 92801 84436
29741 27074 3639
13319 80932 93753
9
90176 66787 23854
77435 35842 72668
67605 91897 65673
32460 33541 78640
90259 88846 20241
12105 25755 24849
34139 56441 79397
69817 84124 44207
25801 32921 93509
2
39781 67330 20027
57799 1164 18168
6
88022 37352 57403
78411 65994 19160
58742 52251 56396
75653 15730 73205
3926 43492 56100
94830 87604 16536
12
68160 69802 11219
4139 55242 18144
13383 28117 75680
28371 22206 20848
26805 26289 56786
85431 68133 76977
41079 42434 10655
79324 32759 5787
1689 74053 11668
79971 45830 43337
93445 81594 52657
30147 83975 38539
1
96887 26033 11818
20
3
61095 45690 29863
28075 37438 78762
52349 71490 46648
4
91397 51269 54247
39867 22328 37975
8934 71429 20674
24217 25322 40093
7
28508 34822 40734
53478 58721 57830
30193 11415 703
312 49984 52697
47750 27950 16405
38433 36498 20921
68652 61849 4890
13
15535 70568 37859
64565 71505 21098
16295 83102 22514
43712 34993 26952
12419 45763 5146
12779 90497 31621
7045 69482 10716
67339 8598 45144
23424 68160 15297
19633 49987 37007
67245 76016 81112
32082 48882 33849
89413 91665 27046
20
96832 94296 82971
22923 87613 82415
53820 54925 7371
27617 49489 39913
38951 65612 60155
65411 95636 79055
20320 30504 22386
56353 44896 71
45705 4557 3001
45910 62771 44506
45073 27885 10429
66293 48925 18275
4710 73226 373
22377 91492 92401
74056 98547 98874
79962 30080 30763
31996 99271 92117
56875 816 99985
22539 5604 21547
76300 60302 45504
17
32384 37093 98926
13820 33165 37477
24159 55248 68609
18559 18870 56643
9581 54891 47942
7786 83462 24159
48848 34578 47576
99359 17717 53371
88629 62991 29155
23991 26238 8989
93002 91962 48681
47960 1124 60641
59005 81366 67361
83877 59603 60262
13771 19749 53414
94266 6294 36132
89807 26308 92932
3
33373 38854 47628
1264 83639 7191
72900 71520 23924
13
64407 88659 27403
645 90564 7658
98517 41451 90286
88373 77877 55480
42058 852 88757
22572 7411 7463
53319 98556 1902
62331 56686 35527
96826 18837 86996
74212 4631 85742
29549 73986 51345
22548 43190 96249
88946 14753 97046
2
50963 19636 95718
12349 4347 23125
15
98337 730 98471
68945 81067 80282
7280 8165 42430
31151 33556 41298
61245 57781 91388
93909 7335 61068
96875 11296 13987
83603 44948 90545
94302 23058 81704
26039 17122 66869
12858 46584 8201
51323 38961 72253
92126 98206 58001
69085 40740 32082
26009 29775 43602
7
16310 58437 66155
16450 68011 87607
11219 27486 64373
5607 49419 95846
31725 22386 34178
61483 99472 51928
66937 39873 11866
8
28148 91446 32192
11345 39757 96707
29915 76281 74731
90137 91498 55190
79281 55993 45452
68627 23415 39177
42290 59444 45443
74237 79977 78918
2
85681 15504 14509
17436 62691 53249
18
63665 61388 50686
97470 76913 37746
32115 45290 86200
64312 51052 6846
3663 33821 91824
91498 64172 2876
51092 59890 83862
78762 89865 30431
53286 2568 96634
52321 30727 31719
52297 73370 51342
75054 37422 80606
17750 83548 72573
41909 87695 49843
32204 26717 24394
19688 22868 33971
25212 68420 66290
5409 94290 45580
16
52334 74722 40880
81649 73980 5946
74520 51311 95627
21959 65081 19487
4527 55953 78076
44381 11857 67040
8274 75311 18727
54674 98972 7463
14436 76388 51253
66518 85089 34468
26469 13780 60671
47210 94980 12468
78732 70373 34282
45736 92801 84436
29741 27074 3639
13319 80932 93753
9
90176 66787 23854
77435 35842 72668
67605 91897 65673
32460 33541 78640
90259 88846 20241
12105 25755 24849
34139 56441 79397
69817 84124 44207
25801 32921 93509
2
39781 67330 20027
57799 1164 18168
6
88022 37352 57403
78411 65994 19160
58742 52251 56396
75653 15730 73205
3926 43492 56100
94830 87604 16536
12
68160 69802 11219
4139 55242 18144
13383 28117 75680
28371 22206 20848
26805 26289 56786
85431 68133 76977
41079 42434 10655
79324 32759 5787
1689 74053 11668
79971 45830 43337
93445 81594 52657
30147 83975 38539
1
96887 26033 11818
20
3
61095 45690 29863
28075 37438 78762
52349 71490 46648
4
91397 51269 54247
39867 22328 37975
8934 71429 20674
24217 25322 40093
7
28508 34822 40734
53478 58721 57830
30193 11415 703
312 49984 52697
47750 27950 16405
38433 36498 20921
68652 61849 4890
13
15535 70568 37859
64565 71505 21098
16295 83102 22514
43712 34993 26952
12419 45763 5146
12779 90497 31621
7045 69482 10716
67339 8598 45144
23424 68160 15297
19633 49987 37007
67245 76016 81112
32082 48882 33849
89413 91665 27046
20
96832 94296 82971
22923 87613 82415
53820 54925 7371
27617 49489 39913
38951 65612 60155
65411 95636 79055
20320 30504 22386
56353 44896 71
45705 4557 3001
45910 62771 44506
45073 27885 10429
66293 48925 18275
4710 73226 373
22377 91492 92401
74056 98547 98874
79962 30080 30763
31996 99271 92117
56875 816 99985
22539 5604 21547
76300 60302 45504
17
32384 37093 98926
13820 33165 37477
24159 55248 68609
18559 18870 56643
9581 54891 47942
7786 83462 24159
48848 34578 47576
99359 17717 53371
88629 62991 29155
23991 26238 8989
93002 91962 48681
47960 1124 60641
59005 81366 67361
83877 59603 60262
13771 19749 53414
94266 6294 36132
89807 26308 92932
3
33373 38854 47628
1264 83639 7191
72900 71520 23924
13
64407 88659 27403
645 90564 7658
98517 41451 90286
88373 77877 55480
42058 852 88757
22572 7411 7463
53319 98556 1902
62331 56686 35527
96826 18837 86996
74212 4631 85742
29549 73986 51345
22548 43190 96249
88946 14753 97046
2
50963 19636 95718
12349 4347 23125
15
98337 730 98471
68945 81067 80282
7280 8165 42430
31151 33556 41298
61245 57781 91388
93909 7335 61068
96875 11296 13987
83603 44948 90545
94302 23058 81704
26039 17122 66869
12858 46584 8201
51323 38961 72253
92126 98206 58001
69085 40740 32082
26009 29775 43602
7
16310 58437 66155
16450 68011 87607
11219 27486 64373
5607 49419 95846
31725 22386 34178
61483 99472 51928
66937 39873 11866
8
28148 91446 32192
11345 39757 96707
29915 76281 74731
90137 91498 55190
79281 55993 45452
68627 23415 39177
42290 59444 45443
74237 79977 78918
2
85681 15504 14509
17436 62691 53249
18
63665 61388 50686
97470 76913 37746
32115 45290 86200
64312 51052 6846
3663 33821 91824
91498 64172 2876
51092 59890 83862
78762 89865 30431
53286 2568 96634
52321 30727 31719
52297 73370 51342
75054 37422 80606
17750 83548 72573
41909 87695 49843
32204 26717 24394
19688 22868 33971
25212 68420 66290
5409 94290 45580
16
52334 74722 40880
81649 73980 5946
74520 51311 95627
21959 65081 19487
4527 55953 78076
44381 11857 67040
8274 75311 18727
54674 98972 7463
14436 76388 51253
66518 85089 34468
26469 13780 60671
47210 94980 12468
78732 70373 34282
45736 92801 84436
29741 27074 3639
13319 80932 93753
9
90176 66787 23854
77435 35842 72668
67605 91897 65673
32460 33541 78640
90259 88846 20241
12105 25755 24849
34139 56441 79397
69817 84124 44207
25801 32921 93509
2
39781 67330 20027
57799 1164 18168
6
88022 37352 57403
78411 65994 19160
58742 52251 56396
75653 15730 73205
3926 43492 56100
94830 87604 16536
12
68160 69802 11219
4139 55242 18144
13383 28117 75680
28371 22206 20848
26805 26289 56786
85431 68133 76977
41079 42434 10655
79324 32759 5787
1689 74053 11668
79971 45830 43337
93445 81594 52657
30147 83975 38539
1
96887 26033 11818
20
3
61095 45690 29863
28075 37438 78762
52349 71490 46648
4
91397 51269 54247
39867 22328 37975
8934 71429 20674
24217 25322 40093
7
28508 34822 40734
53478 58721 57830
30193 11415 703
312 49984 52697
47750 27950 16405
38433 36498 20921
68652 61849 4890
13
15535 70568 37859
64565 71505 21098
16295 83102 22514
43712 34993 26952
12419 45763 5146
12779 90497 31621
7045 69482 10716
67339 8598 45144
23424 68160 15297
19633 49987 37007
67245 76016 81112
32082 48882 33849
89413 91665 27046
20
96832 94296 82971
22923 87613 82415
53820 54925 7371
27617 49489 39913
38951 65612 60155
65411 95636 79055
20320 30504 22386
56353 44896 71
45705 4557 3001
45910 62771 44506
45073 27885 10429
66293 48925 18275
4710 73226 373
22377 91492 92401
74056 98547 98874
79962 30080 30763
31996 99271 92117
56875 816 99985
22539 5604 21547
76300 60302 45504
17
32384 37093 98926
13820 33165 37477
24159 55248 68609
18559 18870 56643
9581 54891 47942
7786 83462 24159
48848 34578 47576
99359 17717 53371
88629 62991 29155
23991 26238 8989
93002 91962 48681
47960 1124 60641
59005 81366 67361
83877 59603 60262
13771 19749 53414
94266 6294 36132
89807 26308 92932
3
33373 38854 47628
1264 83639 7191
72900 71520 23924
13
64407 88659 27403
645 90564 7658
98517 41451 90286
88373 77877 55480
42058 852 88757
22572 7411 7463
53319 98556 1902
62331 56686 35527
96826 18837 86996
74212 4631 85742
29549 73986 51345
22548 43190 96249
88946 14753 97046
2
50963 19636 95718
12349 4347 23125
15
98337 730 98471
68945 81067 80282
7280 8165 42430
31151 33556 41298
61245 57781 91388
93909 7335 61068
96875 11296 13987
83603 44948 90545
94302 23058 81704
26039 17122 66869
12858 46584 8201
51323 38961 72253
92126 98206 58001
69085 40740 32082
26009 29775 43602
7
16310 58437 66155
16450 68011 87607
11219 27486 64373
5607 49419 95846
31725 22386 34178
61483 99472 51928
66937 39873 11866
8
28148 91446 32192
11345 39757 96707
29915 76281 74731
90137 91498 55190
79281 55993 45452
68627 23415 39177
42290 59444 45443
74237 79977 78918
2
85681 15504 14509
17436 62691 53249
18
63665 61388 50686
97470 76913 37746
32115 45290 86200
64312 51052 6846
3663 33821 91824
91498 64172 2876
51092 59890 83862
78762 89865 30431
53286 2568 96634
52321 30727 31719
52297 73370 51342
75054 37422 80606
17750 83548 72573
41909 87695 49843
32204 26717 24394
19688 22868 33971
25212 68420 66290
5409 94290 45580
16
52334 74722 40880
81649 73980 5946
74520 51311 95627
21959 65081 19487
4527 55953 78076
44381 11857 67040
8274 75311 18727
54674 98972 7463
14436 76388 51253
66518 85089 34468
26469 13780 60671
47210 94980 12468
78732 70373 34282
45736 92801 84436
29741 27074 3639
13319 80932 93753
9
90176 66787 23854
77435 35842 72668
67605 91897 65673
32460 33541 78640
90259 88846 20241
12105 25755 24849
34139 56441 79397
69817 84124 44207
25801 32921 93509
2
39781 67330 20027
57799 1164 18168
6
88022 37352 57403
78411 65994 19160
58742 52251 56396
75653 15730 73205
3926 43492 56100
94830 87604 16536
12
68160 69802 11219
4139 55242 18144
13383 28117 75680
28371 22206 20848
26805 26289 56786
85431 68133 76977
41079 42434 10655
79324 32759 5787
1689 74053 11668
79971 45830 43337
93445 81594 52657
30147 83975 38539
1
96887 26033 11818
13
7
12022 73397 91492
50258 25786 20793
89682 15196 10438
54418 48137 95618
422 94821 83590
56234 6935 42430
42623 63567 61501
12
18797 47164 94879
45223 87893 6276
79470 22270 14482
2708 13301 96091
32894 30415 73763
6834 55715 2452
19169 37029 12965
45989 66320 91403
75070 45903 22145
14442 62722 27666
97592 61254 96799
20091 81851 87350
18
88605 5067 73059
43450 79632 67645
48073 20998 66769
64285 31850 5018
39305 80871 55453
86166 23781 92346
80459 70580 79150
39647 80557 97595
56228 13930 1478
22441 62014 26100
64867 67159 19502
89825 31709 92770
63662 96164 90991
95862 64129 7914
89126 82739 15330
51818 65871 24208
84579 36721 12303
44170 58819 75872
4
45119 80621 41405
12404 23677 14064
29216 98010 79309
31133 62286 37609
14
59219 10606 14616
13173 80429 55858
50072 99637 23225
78909 52584 99188
37105 98309 15379
35512 90903 37874
26033 18797 85345
51522 4505 94089
20509 83413 35146
7801 8763 91617
8253 45525 73849
13341 36846 44246
26732 99933 64227
32109 58819 99667
6
98828 43196 16575
96255 49901 84500
23338 41188 47756
8021 56414 66378
92877 28737 71523
52764 48171 90808
18
39281 59560 18220
97363 3697 76025
67217 72585 59249
22169 21056 42244
32720 26466 17818
71633 39620 58266
51842 20567 22023
76742 39397 8842
64748 44872 89258
67010 55474 11574
68783 657 4438
15138 6126 46285
89319 11067 19197
46886 40926 77465
12016 25414 35375
1078 29067 84204
8293 97150 8290
8494 56747 66134
5
2189 44460 40529
55709 33962 76022
24794 87353 21831
55614 81619 54488
34352 95978 67562
11
36531 93170 71255
36898 58575 32781
57259 98151 15642
43218 68725 72326
56673 61690 91937
56856 70464 28493
35924 84854 27089
75268 30238 44289
82779 22807 93991
83346 26433 54070
79324 92511 95843
16
42430 4026 41753
49862 45226 99414
67922 63461 40792
65551 25282 81314
45769 90063 88302
17943 52764 36580
91730 42202 85940
90497 55794 14149
52859 15870 78024
22121 95792 14082
19768 35622 95517
24855 65594 39675
30821 60323 83651
66216 46770 12697
65130 88199 34883
26204 70959 92035
16
73901 63842 93939
65551 30003 53792
15892 24461 78360
35237 86770 82025
47637 43877 84283
648 13954 11378
83395 95523 61471
46056 26796 85714
41628 17647 83056
82162 21657 74319
8110 65719 62954
70019 75717 58358
19966 30315 92422
40660 224 34822
62789 18718 76110
44365 20399 93594
18
51000 90326 36415
36568 78985 98651
22288 83316 14888
94714 26097 85916
94894 1652 33367
73001 27467 60900
69271 70660 79525
86239 98938 14012
4139 93078 2180
35561 38057 18516
75744 70898 46987
97888 66226 72457
46920 13337 86798
71874 79534 80136
20821 81604 69811
86258 65527 76431
44030 50979 18812
45488 36211 17973
1
6 7545 8