13
7
12022 73397 91492
50258 25786 20793
89682 15196 10438
54418 48137 95618
422 94821 83590
56234 6935 42430
42623 63567 61501
12
18797 47164 94879
45223 87893 6276
79470 22270 14482
2708 13301 96091
32894 30415 73763
6834 55715 2452
19169 37029 12965
45989 66320 91403
75070 45903 22145
14442 62722 27666
97592 61254 96799
20091 81851 87350
18
88605 5067 73059
43450 79632 67645
48073 20998 66769
64285 31850 5018
39305 80871 55453
86166 23781 92346
80459 70580 79150
39647 80557 97595
56228 13930 1478
22441 62014 26100
64867 67159 19502
89825 31709 92770
63662 96164 90991
95862 64129 7914
89126 82739 15330
51818 65871 24208
84579 36721 12303
44170 58819 75872
4
45119 80621 41405
12404 23677 14064
29216 98010 79309
31133 62286 37609
14
59219 10606 14616
13173 80429 55858
50072 99637 23225
78909 52584 99188
37105 98309 15379
35512 90903 37874
26033 18797 85345
51522 4505 94089
20509 83413 35146
7801 8763 91617
8253 45525 73849
13341 36846 44246
26732 99933 64227
32109 58819 99667
6
98828 43196 16575
96255 49901 84500
23338 41188 47756
8021 56414 66378
92877 28737 71523
52764 48171 90808
18
39281 59560 18220
97363 3697 76025
67217 72585 59249
22169 21056 42244
32720 26466 17818
71633 39620 58266
51842 20567 22023
76742 39397 8842
64748 44872 89258
67010 55474 11574
68783 657 4438
15138 6126 46285
89319 11067 19197
46886 40926 77465
12016 25414 35375
1078 29067 84204
8293 97150 8290
8494 56747 66134
5
2189 44460 40529
55709 33962 76022
24794 87353 21831
55614 81619 54488
34352 95978 67562
11
36531 93170 71255
36898 58575 32781
57259 98151 15642
43218 68725 72326
56673 61690 91937
56856 70464 28493
35924 84854 27089
75268 30238 44289
82779 22807 93991
83346 26433 54070
79324 92511 95843
16
42430 4026 41753
49862 45226 99414
67922 63461 40792
65551 25282 81314
45769 90063 88302
17943 52764 36580
91730 42202 85940
90497 55794 14149
52859 15870 78024
22121 95792 14082
19768 35622 95517
24855 65594 39675
30821 60323 83651
66216 46770 12697
65130 88199 34883
26204 70959 92035
16
73901 63842 93939
65551 30003 53792
15892 24461 78360
35237 86770 82025
47637 43877 84283
648 13954 11378
83395 95523 61471
46056 26796 85714
41628 17647 83056
82162 21657 74319
8110 65719 62954
70019 75717 58358
19966 30315 92422
40660 224 34822
62789 18718 76110
44365 20399 93594
18
51000 90326 36415
36568 78985 98651
22288 83316 14888
94714 26097 85916
94894 1652 33367
73001 27467 60900
69271 70660 79525
86239 98938 14012
4139 93078 2180
35561 38057 18516
75744 70898 46987
97888 66226 72457
46920 13337 86798
71874 79534 80136
20821 81604 69811
86258 65527 76431
44030 50979 18812
45488 36211 17973
13
55398 61190 48650
44353 15172 82397
31288 14116 83517
52486 71636 13295
9105 54964 80560
75161 44530 24892
24397 36083 24464
76840 53646 12022
48757 18159 75570
43151 60979 75790
86383 59801 63165
14589 28658 72799
57256 75454 89508
